{
 "cells": [
  {
   "cell_type": "markdown",
   "id": "f0d6e045-6b6b-43ed-b04d-635f042e9217",
   "metadata": {},
   "source": [
    "# pyEnGNet code explanation"
   ]
  },
  {
   "cell_type": "markdown",
   "id": "c5822b16-caea-45f9-a6a7-b58186bae229",
   "metadata": {},
   "source": [
    "## Imports"
   ]
  },
  {
   "cell_type": "code",
   "execution_count": 1,
   "id": "52fa22ae-06a0-4169-8439-fda96be4834e",
   "metadata": {
    "pycharm": {
     "is_executing": true
    }
   },
   "outputs": [],
   "source": [
    "import pandas as pd\n",
    "import scipy.stats as scp\n",
    "import numpy as np\n",
    "from tqdm import tqdm\n",
    "\n",
    "from pyEnGNet import *"
   ]
  },
  {
   "cell_type": "code",
   "execution_count": 2,
   "id": "6cd3e9fb-250b-4b0b-9085-d1eaf50af0e3",
   "metadata": {},
   "outputs": [
    {
     "name": "stdout",
     "output_type": "stream",
     "text": [
      "PyEnGNet Object with shape (10,20)\n"
     ]
    }
   ],
   "source": [
    "peg = PyEnGNet(extract_nparray(\"datasample_shittys.csv\"))\n",
    "print(peg)"
   ]
  },
  {
   "cell_type": "markdown",
   "id": "1e27be8c-82fd-4c72-b51f-33f4806c291b",
   "metadata": {},
   "source": [
    "Our dataset is now ready to be used and apply correlation techniques"
   ]
  },
  {
   "cell_type": "markdown",
   "id": "c0faae5b-d366-4983-8e6f-d54940d7536f",
   "metadata": {},
   "source": [
    "## Calculate Spearman correlation"
   ]
  },
  {
   "cell_type": "code",
   "execution_count": 3,
   "id": "f6afee00-33c7-475d-a81a-72b0430956dc",
   "metadata": {},
   "outputs": [
    {
     "name": "stderr",
     "output_type": "stream",
     "text": [
      "100%|██████████████████████████████████████████████████████████████████████████| 10/10 [00:00<00:00, 275.37it/s]\n"
     ]
    },
    {
     "data": {
      "text/html": [
       "<div>\n",
       "<style scoped>\n",
       "    .dataframe tbody tr th:only-of-type {\n",
       "        vertical-align: middle;\n",
       "    }\n",
       "\n",
       "    .dataframe tbody tr th {\n",
       "        vertical-align: top;\n",
       "    }\n",
       "\n",
       "    .dataframe thead th {\n",
       "        text-align: right;\n",
       "    }\n",
       "</style>\n",
       "<table border=\"1\" class=\"dataframe\">\n",
       "  <thead>\n",
       "    <tr style=\"text-align: right;\">\n",
       "      <th></th>\n",
       "      <th>0</th>\n",
       "      <th>1</th>\n",
       "      <th>2</th>\n",
       "      <th>3</th>\n",
       "      <th>4</th>\n",
       "      <th>5</th>\n",
       "      <th>6</th>\n",
       "      <th>7</th>\n",
       "      <th>8</th>\n",
       "      <th>9</th>\n",
       "    </tr>\n",
       "  </thead>\n",
       "  <tbody>\n",
       "    <tr>\n",
       "      <th>0</th>\n",
       "      <td>1.000000</td>\n",
       "      <td>0.028571</td>\n",
       "      <td>0.248120</td>\n",
       "      <td>0.178947</td>\n",
       "      <td>0.106767</td>\n",
       "      <td>-0.186466</td>\n",
       "      <td>-0.393985</td>\n",
       "      <td>-0.165414</td>\n",
       "      <td>0.187970</td>\n",
       "      <td>-0.350376</td>\n",
       "    </tr>\n",
       "    <tr>\n",
       "      <th>1</th>\n",
       "      <td>0.028571</td>\n",
       "      <td>1.000000</td>\n",
       "      <td>-0.048120</td>\n",
       "      <td>-0.410526</td>\n",
       "      <td>0.606015</td>\n",
       "      <td>-0.622556</td>\n",
       "      <td>0.133835</td>\n",
       "      <td>-0.079699</td>\n",
       "      <td>-0.263158</td>\n",
       "      <td>-0.084211</td>\n",
       "    </tr>\n",
       "    <tr>\n",
       "      <th>2</th>\n",
       "      <td>0.248120</td>\n",
       "      <td>-0.048120</td>\n",
       "      <td>1.000000</td>\n",
       "      <td>0.142857</td>\n",
       "      <td>0.114286</td>\n",
       "      <td>-0.372932</td>\n",
       "      <td>-0.215038</td>\n",
       "      <td>0.234586</td>\n",
       "      <td>-0.249624</td>\n",
       "      <td>0.072180</td>\n",
       "    </tr>\n",
       "    <tr>\n",
       "      <th>3</th>\n",
       "      <td>0.178947</td>\n",
       "      <td>-0.410526</td>\n",
       "      <td>0.142857</td>\n",
       "      <td>1.000000</td>\n",
       "      <td>-0.511278</td>\n",
       "      <td>0.224060</td>\n",
       "      <td>-0.463158</td>\n",
       "      <td>-0.350376</td>\n",
       "      <td>0.189474</td>\n",
       "      <td>-0.306767</td>\n",
       "    </tr>\n",
       "    <tr>\n",
       "      <th>4</th>\n",
       "      <td>0.106767</td>\n",
       "      <td>0.606015</td>\n",
       "      <td>0.114286</td>\n",
       "      <td>-0.511278</td>\n",
       "      <td>1.000000</td>\n",
       "      <td>-0.320301</td>\n",
       "      <td>0.189474</td>\n",
       "      <td>0.210526</td>\n",
       "      <td>-0.242105</td>\n",
       "      <td>0.031579</td>\n",
       "    </tr>\n",
       "    <tr>\n",
       "      <th>5</th>\n",
       "      <td>-0.186466</td>\n",
       "      <td>-0.622556</td>\n",
       "      <td>-0.372932</td>\n",
       "      <td>0.224060</td>\n",
       "      <td>-0.320301</td>\n",
       "      <td>1.000000</td>\n",
       "      <td>0.073684</td>\n",
       "      <td>0.042105</td>\n",
       "      <td>0.401504</td>\n",
       "      <td>0.186466</td>\n",
       "    </tr>\n",
       "    <tr>\n",
       "      <th>6</th>\n",
       "      <td>-0.393985</td>\n",
       "      <td>0.133835</td>\n",
       "      <td>-0.215038</td>\n",
       "      <td>-0.463158</td>\n",
       "      <td>0.189474</td>\n",
       "      <td>0.073684</td>\n",
       "      <td>1.000000</td>\n",
       "      <td>0.338346</td>\n",
       "      <td>-0.168421</td>\n",
       "      <td>0.016541</td>\n",
       "    </tr>\n",
       "    <tr>\n",
       "      <th>7</th>\n",
       "      <td>-0.165414</td>\n",
       "      <td>-0.079699</td>\n",
       "      <td>0.234586</td>\n",
       "      <td>-0.350376</td>\n",
       "      <td>0.210526</td>\n",
       "      <td>0.042105</td>\n",
       "      <td>0.338346</td>\n",
       "      <td>1.000000</td>\n",
       "      <td>0.004511</td>\n",
       "      <td>0.302256</td>\n",
       "    </tr>\n",
       "    <tr>\n",
       "      <th>8</th>\n",
       "      <td>0.187970</td>\n",
       "      <td>-0.263158</td>\n",
       "      <td>-0.249624</td>\n",
       "      <td>0.189474</td>\n",
       "      <td>-0.242105</td>\n",
       "      <td>0.401504</td>\n",
       "      <td>-0.168421</td>\n",
       "      <td>0.004511</td>\n",
       "      <td>1.000000</td>\n",
       "      <td>0.266165</td>\n",
       "    </tr>\n",
       "    <tr>\n",
       "      <th>9</th>\n",
       "      <td>-0.350376</td>\n",
       "      <td>-0.084211</td>\n",
       "      <td>0.072180</td>\n",
       "      <td>-0.306767</td>\n",
       "      <td>0.031579</td>\n",
       "      <td>0.186466</td>\n",
       "      <td>0.016541</td>\n",
       "      <td>0.302256</td>\n",
       "      <td>0.266165</td>\n",
       "      <td>1.000000</td>\n",
       "    </tr>\n",
       "  </tbody>\n",
       "</table>\n",
       "</div>"
      ],
      "text/plain": [
       "          0         1         2         3         4         5         6  \\\n",
       "0  1.000000  0.028571  0.248120  0.178947  0.106767 -0.186466 -0.393985   \n",
       "1  0.028571  1.000000 -0.048120 -0.410526  0.606015 -0.622556  0.133835   \n",
       "2  0.248120 -0.048120  1.000000  0.142857  0.114286 -0.372932 -0.215038   \n",
       "3  0.178947 -0.410526  0.142857  1.000000 -0.511278  0.224060 -0.463158   \n",
       "4  0.106767  0.606015  0.114286 -0.511278  1.000000 -0.320301  0.189474   \n",
       "5 -0.186466 -0.622556 -0.372932  0.224060 -0.320301  1.000000  0.073684   \n",
       "6 -0.393985  0.133835 -0.215038 -0.463158  0.189474  0.073684  1.000000   \n",
       "7 -0.165414 -0.079699  0.234586 -0.350376  0.210526  0.042105  0.338346   \n",
       "8  0.187970 -0.263158 -0.249624  0.189474 -0.242105  0.401504 -0.168421   \n",
       "9 -0.350376 -0.084211  0.072180 -0.306767  0.031579  0.186466  0.016541   \n",
       "\n",
       "          7         8         9  \n",
       "0 -0.165414  0.187970 -0.350376  \n",
       "1 -0.079699 -0.263158 -0.084211  \n",
       "2  0.234586 -0.249624  0.072180  \n",
       "3 -0.350376  0.189474 -0.306767  \n",
       "4  0.210526 -0.242105  0.031579  \n",
       "5  0.042105  0.401504  0.186466  \n",
       "6  0.338346 -0.168421  0.016541  \n",
       "7  1.000000  0.004511  0.302256  \n",
       "8  0.004511  1.000000  0.266165  \n",
       "9  0.302256  0.266165  1.000000  "
      ]
     },
     "execution_count": 3,
     "metadata": {},
     "output_type": "execute_result"
    }
   ],
   "source": [
    "spearmanc, spearmanpv = peg.spearman_test()\n",
    "pd.DataFrame(spearmanc)"
   ]
  },
  {
   "cell_type": "markdown",
   "id": "2383c210-82d1-4e7f-926a-be80d9648fa3",
   "metadata": {
    "pycharm": {
     "name": "#%% md\n"
    }
   },
   "source": [
    "## Calculate Kendall's correlation"
   ]
  },
  {
   "cell_type": "code",
   "execution_count": 4,
   "id": "ba0c39a4",
   "metadata": {
    "collapsed": false,
    "jupyter": {
     "outputs_hidden": false
    },
    "pycharm": {
     "name": "#%%\n"
    }
   },
   "outputs": [
    {
     "name": "stderr",
     "output_type": "stream",
     "text": [
      "100%|██████████████████████████████████████████████████████████████████████████| 10/10 [00:00<00:00, 305.40it/s]\n"
     ]
    },
    {
     "data": {
      "text/html": [
       "<div>\n",
       "<style scoped>\n",
       "    .dataframe tbody tr th:only-of-type {\n",
       "        vertical-align: middle;\n",
       "    }\n",
       "\n",
       "    .dataframe tbody tr th {\n",
       "        vertical-align: top;\n",
       "    }\n",
       "\n",
       "    .dataframe thead th {\n",
       "        text-align: right;\n",
       "    }\n",
       "</style>\n",
       "<table border=\"1\" class=\"dataframe\">\n",
       "  <thead>\n",
       "    <tr style=\"text-align: right;\">\n",
       "      <th></th>\n",
       "      <th>0</th>\n",
       "      <th>1</th>\n",
       "      <th>2</th>\n",
       "      <th>3</th>\n",
       "      <th>4</th>\n",
       "      <th>5</th>\n",
       "      <th>6</th>\n",
       "      <th>7</th>\n",
       "      <th>8</th>\n",
       "      <th>9</th>\n",
       "    </tr>\n",
       "  </thead>\n",
       "  <tbody>\n",
       "    <tr>\n",
       "      <th>0</th>\n",
       "      <td>1.000000</td>\n",
       "      <td>0.042105</td>\n",
       "      <td>0.178947</td>\n",
       "      <td>0.136842</td>\n",
       "      <td>0.073684</td>\n",
       "      <td>-0.126316</td>\n",
       "      <td>-0.263158</td>\n",
       "      <td>-0.115789</td>\n",
       "      <td>0.126316</td>\n",
       "      <td>-0.294737</td>\n",
       "    </tr>\n",
       "    <tr>\n",
       "      <th>1</th>\n",
       "      <td>0.042105</td>\n",
       "      <td>1.000000</td>\n",
       "      <td>-0.042105</td>\n",
       "      <td>-0.294737</td>\n",
       "      <td>0.484211</td>\n",
       "      <td>-0.494737</td>\n",
       "      <td>0.084211</td>\n",
       "      <td>-0.063158</td>\n",
       "      <td>-0.200000</td>\n",
       "      <td>-0.073684</td>\n",
       "    </tr>\n",
       "    <tr>\n",
       "      <th>2</th>\n",
       "      <td>0.178947</td>\n",
       "      <td>-0.042105</td>\n",
       "      <td>1.000000</td>\n",
       "      <td>0.073684</td>\n",
       "      <td>0.052632</td>\n",
       "      <td>-0.252632</td>\n",
       "      <td>-0.157895</td>\n",
       "      <td>0.136842</td>\n",
       "      <td>-0.189474</td>\n",
       "      <td>0.042105</td>\n",
       "    </tr>\n",
       "    <tr>\n",
       "      <th>3</th>\n",
       "      <td>0.136842</td>\n",
       "      <td>-0.294737</td>\n",
       "      <td>0.073684</td>\n",
       "      <td>1.000000</td>\n",
       "      <td>-0.368421</td>\n",
       "      <td>0.210526</td>\n",
       "      <td>-0.305263</td>\n",
       "      <td>-0.242105</td>\n",
       "      <td>0.126316</td>\n",
       "      <td>-0.252632</td>\n",
       "    </tr>\n",
       "    <tr>\n",
       "      <th>4</th>\n",
       "      <td>0.073684</td>\n",
       "      <td>0.484211</td>\n",
       "      <td>0.052632</td>\n",
       "      <td>-0.368421</td>\n",
       "      <td>1.000000</td>\n",
       "      <td>-0.210526</td>\n",
       "      <td>0.136842</td>\n",
       "      <td>0.157895</td>\n",
       "      <td>-0.168421</td>\n",
       "      <td>0.042105</td>\n",
       "    </tr>\n",
       "    <tr>\n",
       "      <th>5</th>\n",
       "      <td>-0.126316</td>\n",
       "      <td>-0.494737</td>\n",
       "      <td>-0.252632</td>\n",
       "      <td>0.210526</td>\n",
       "      <td>-0.210526</td>\n",
       "      <td>1.000000</td>\n",
       "      <td>0.042105</td>\n",
       "      <td>0.063158</td>\n",
       "      <td>0.263158</td>\n",
       "      <td>0.094737</td>\n",
       "    </tr>\n",
       "    <tr>\n",
       "      <th>6</th>\n",
       "      <td>-0.263158</td>\n",
       "      <td>0.084211</td>\n",
       "      <td>-0.157895</td>\n",
       "      <td>-0.305263</td>\n",
       "      <td>0.136842</td>\n",
       "      <td>0.042105</td>\n",
       "      <td>1.000000</td>\n",
       "      <td>0.242105</td>\n",
       "      <td>-0.084211</td>\n",
       "      <td>-0.021053</td>\n",
       "    </tr>\n",
       "    <tr>\n",
       "      <th>7</th>\n",
       "      <td>-0.115789</td>\n",
       "      <td>-0.063158</td>\n",
       "      <td>0.136842</td>\n",
       "      <td>-0.242105</td>\n",
       "      <td>0.157895</td>\n",
       "      <td>0.063158</td>\n",
       "      <td>0.242105</td>\n",
       "      <td>1.000000</td>\n",
       "      <td>0.000000</td>\n",
       "      <td>0.189474</td>\n",
       "    </tr>\n",
       "    <tr>\n",
       "      <th>8</th>\n",
       "      <td>0.126316</td>\n",
       "      <td>-0.200000</td>\n",
       "      <td>-0.189474</td>\n",
       "      <td>0.126316</td>\n",
       "      <td>-0.168421</td>\n",
       "      <td>0.263158</td>\n",
       "      <td>-0.084211</td>\n",
       "      <td>0.000000</td>\n",
       "      <td>1.000000</td>\n",
       "      <td>0.178947</td>\n",
       "    </tr>\n",
       "    <tr>\n",
       "      <th>9</th>\n",
       "      <td>-0.294737</td>\n",
       "      <td>-0.073684</td>\n",
       "      <td>0.042105</td>\n",
       "      <td>-0.252632</td>\n",
       "      <td>0.042105</td>\n",
       "      <td>0.094737</td>\n",
       "      <td>-0.021053</td>\n",
       "      <td>0.189474</td>\n",
       "      <td>0.178947</td>\n",
       "      <td>1.000000</td>\n",
       "    </tr>\n",
       "  </tbody>\n",
       "</table>\n",
       "</div>"
      ],
      "text/plain": [
       "          0         1         2         3         4         5         6  \\\n",
       "0  1.000000  0.042105  0.178947  0.136842  0.073684 -0.126316 -0.263158   \n",
       "1  0.042105  1.000000 -0.042105 -0.294737  0.484211 -0.494737  0.084211   \n",
       "2  0.178947 -0.042105  1.000000  0.073684  0.052632 -0.252632 -0.157895   \n",
       "3  0.136842 -0.294737  0.073684  1.000000 -0.368421  0.210526 -0.305263   \n",
       "4  0.073684  0.484211  0.052632 -0.368421  1.000000 -0.210526  0.136842   \n",
       "5 -0.126316 -0.494737 -0.252632  0.210526 -0.210526  1.000000  0.042105   \n",
       "6 -0.263158  0.084211 -0.157895 -0.305263  0.136842  0.042105  1.000000   \n",
       "7 -0.115789 -0.063158  0.136842 -0.242105  0.157895  0.063158  0.242105   \n",
       "8  0.126316 -0.200000 -0.189474  0.126316 -0.168421  0.263158 -0.084211   \n",
       "9 -0.294737 -0.073684  0.042105 -0.252632  0.042105  0.094737 -0.021053   \n",
       "\n",
       "          7         8         9  \n",
       "0 -0.115789  0.126316 -0.294737  \n",
       "1 -0.063158 -0.200000 -0.073684  \n",
       "2  0.136842 -0.189474  0.042105  \n",
       "3 -0.242105  0.126316 -0.252632  \n",
       "4  0.157895 -0.168421  0.042105  \n",
       "5  0.063158  0.263158  0.094737  \n",
       "6  0.242105 -0.084211 -0.021053  \n",
       "7  1.000000  0.000000  0.189474  \n",
       "8  0.000000  1.000000  0.178947  \n",
       "9  0.189474  0.178947  1.000000  "
      ]
     },
     "execution_count": 4,
     "metadata": {},
     "output_type": "execute_result"
    }
   ],
   "source": [
    "kendallc, kendallpv = peg.kendall_test()\n",
    "pd.DataFrame(kendallc)"
   ]
  },
  {
   "cell_type": "markdown",
   "id": "65d920bc",
   "metadata": {
    "pycharm": {
     "name": "#%% md\n"
    }
   },
   "source": [
    "## Calculate Normalized Mutual Info Score"
   ]
  },
  {
   "cell_type": "code",
   "execution_count": 5,
   "id": "b76fa6e0",
   "metadata": {
    "collapsed": false,
    "jupyter": {
     "outputs_hidden": false
    },
    "pycharm": {
     "is_executing": true,
     "name": "#%%\n"
    }
   },
   "outputs": [
    {
     "data": {
      "text/html": [
       "<div>\n",
       "<style scoped>\n",
       "    .dataframe tbody tr th:only-of-type {\n",
       "        vertical-align: middle;\n",
       "    }\n",
       "\n",
       "    .dataframe tbody tr th {\n",
       "        vertical-align: top;\n",
       "    }\n",
       "\n",
       "    .dataframe thead th {\n",
       "        text-align: right;\n",
       "    }\n",
       "</style>\n",
       "<table border=\"1\" class=\"dataframe\">\n",
       "  <thead>\n",
       "    <tr style=\"text-align: right;\">\n",
       "      <th></th>\n",
       "      <th>0</th>\n",
       "      <th>1</th>\n",
       "      <th>2</th>\n",
       "      <th>3</th>\n",
       "      <th>4</th>\n",
       "      <th>5</th>\n",
       "      <th>6</th>\n",
       "      <th>7</th>\n",
       "      <th>8</th>\n",
       "      <th>9</th>\n",
       "    </tr>\n",
       "  </thead>\n",
       "  <tbody>\n",
       "    <tr>\n",
       "      <th>0</th>\n",
       "      <td>1.000000</td>\n",
       "      <td>0.684223</td>\n",
       "      <td>0.639863</td>\n",
       "      <td>0.655361</td>\n",
       "      <td>0.631736</td>\n",
       "      <td>0.665966</td>\n",
       "      <td>0.633602</td>\n",
       "      <td>0.636522</td>\n",
       "      <td>0.614080</td>\n",
       "      <td>0.649257</td>\n",
       "    </tr>\n",
       "    <tr>\n",
       "      <th>1</th>\n",
       "      <td>0.684223</td>\n",
       "      <td>1.000000</td>\n",
       "      <td>0.655829</td>\n",
       "      <td>0.734274</td>\n",
       "      <td>0.710463</td>\n",
       "      <td>0.618118</td>\n",
       "      <td>0.682066</td>\n",
       "      <td>0.652942</td>\n",
       "      <td>0.662338</td>\n",
       "      <td>0.599837</td>\n",
       "    </tr>\n",
       "    <tr>\n",
       "      <th>2</th>\n",
       "      <td>0.639863</td>\n",
       "      <td>0.655829</td>\n",
       "      <td>1.000000</td>\n",
       "      <td>0.658189</td>\n",
       "      <td>0.697781</td>\n",
       "      <td>0.636522</td>\n",
       "      <td>0.604226</td>\n",
       "      <td>0.607203</td>\n",
       "      <td>0.649013</td>\n",
       "      <td>0.585232</td>\n",
       "    </tr>\n",
       "    <tr>\n",
       "      <th>3</th>\n",
       "      <td>0.655361</td>\n",
       "      <td>0.734274</td>\n",
       "      <td>0.658189</td>\n",
       "      <td>1.000000</td>\n",
       "      <td>0.618118</td>\n",
       "      <td>0.619696</td>\n",
       "      <td>0.619696</td>\n",
       "      <td>0.590053</td>\n",
       "      <td>0.677113</td>\n",
       "      <td>0.668926</td>\n",
       "    </tr>\n",
       "    <tr>\n",
       "      <th>4</th>\n",
       "      <td>0.631736</td>\n",
       "      <td>0.710463</td>\n",
       "      <td>0.697781</td>\n",
       "      <td>0.618118</td>\n",
       "      <td>1.000000</td>\n",
       "      <td>0.660654</td>\n",
       "      <td>0.628161</td>\n",
       "      <td>0.598680</td>\n",
       "      <td>0.640805</td>\n",
       "      <td>0.609951</td>\n",
       "    </tr>\n",
       "    <tr>\n",
       "      <th>5</th>\n",
       "      <td>0.665966</td>\n",
       "      <td>0.618118</td>\n",
       "      <td>0.636522</td>\n",
       "      <td>0.619696</td>\n",
       "      <td>0.660654</td>\n",
       "      <td>1.000000</td>\n",
       "      <td>0.596758</td>\n",
       "      <td>0.566673</td>\n",
       "      <td>0.577062</td>\n",
       "      <td>0.611423</td>\n",
       "    </tr>\n",
       "    <tr>\n",
       "      <th>6</th>\n",
       "      <td>0.633602</td>\n",
       "      <td>0.682066</td>\n",
       "      <td>0.604226</td>\n",
       "      <td>0.619696</td>\n",
       "      <td>0.628161</td>\n",
       "      <td>0.596758</td>\n",
       "      <td>1.000000</td>\n",
       "      <td>0.599837</td>\n",
       "      <td>0.642909</td>\n",
       "      <td>0.507848</td>\n",
       "    </tr>\n",
       "    <tr>\n",
       "      <th>7</th>\n",
       "      <td>0.636522</td>\n",
       "      <td>0.652942</td>\n",
       "      <td>0.607203</td>\n",
       "      <td>0.590053</td>\n",
       "      <td>0.598680</td>\n",
       "      <td>0.566673</td>\n",
       "      <td>0.599837</td>\n",
       "      <td>1.000000</td>\n",
       "      <td>0.580155</td>\n",
       "      <td>0.511249</td>\n",
       "    </tr>\n",
       "    <tr>\n",
       "      <th>8</th>\n",
       "      <td>0.614080</td>\n",
       "      <td>0.662338</td>\n",
       "      <td>0.649013</td>\n",
       "      <td>0.677113</td>\n",
       "      <td>0.640805</td>\n",
       "      <td>0.577062</td>\n",
       "      <td>0.642909</td>\n",
       "      <td>0.580155</td>\n",
       "      <td>1.000000</td>\n",
       "      <td>0.672106</td>\n",
       "    </tr>\n",
       "    <tr>\n",
       "      <th>9</th>\n",
       "      <td>0.649257</td>\n",
       "      <td>0.599837</td>\n",
       "      <td>0.585232</td>\n",
       "      <td>0.668926</td>\n",
       "      <td>0.609951</td>\n",
       "      <td>0.611423</td>\n",
       "      <td>0.507848</td>\n",
       "      <td>0.511249</td>\n",
       "      <td>0.672106</td>\n",
       "      <td>1.000000</td>\n",
       "    </tr>\n",
       "  </tbody>\n",
       "</table>\n",
       "</div>"
      ],
      "text/plain": [
       "          0         1         2         3         4         5         6  \\\n",
       "0  1.000000  0.684223  0.639863  0.655361  0.631736  0.665966  0.633602   \n",
       "1  0.684223  1.000000  0.655829  0.734274  0.710463  0.618118  0.682066   \n",
       "2  0.639863  0.655829  1.000000  0.658189  0.697781  0.636522  0.604226   \n",
       "3  0.655361  0.734274  0.658189  1.000000  0.618118  0.619696  0.619696   \n",
       "4  0.631736  0.710463  0.697781  0.618118  1.000000  0.660654  0.628161   \n",
       "5  0.665966  0.618118  0.636522  0.619696  0.660654  1.000000  0.596758   \n",
       "6  0.633602  0.682066  0.604226  0.619696  0.628161  0.596758  1.000000   \n",
       "7  0.636522  0.652942  0.607203  0.590053  0.598680  0.566673  0.599837   \n",
       "8  0.614080  0.662338  0.649013  0.677113  0.640805  0.577062  0.642909   \n",
       "9  0.649257  0.599837  0.585232  0.668926  0.609951  0.611423  0.507848   \n",
       "\n",
       "          7         8         9  \n",
       "0  0.636522  0.614080  0.649257  \n",
       "1  0.652942  0.662338  0.599837  \n",
       "2  0.607203  0.649013  0.585232  \n",
       "3  0.590053  0.677113  0.668926  \n",
       "4  0.598680  0.640805  0.609951  \n",
       "5  0.566673  0.577062  0.611423  \n",
       "6  0.599837  0.642909  0.507848  \n",
       "7  1.000000  0.580155  0.511249  \n",
       "8  0.580155  1.000000  0.672106  \n",
       "9  0.511249  0.672106  1.000000  "
      ]
     },
     "execution_count": 5,
     "metadata": {},
     "output_type": "execute_result"
    }
   ],
   "source": [
    "nmi = peg.nmi_test(1)\n",
    "pd.DataFrame(nmi)"
   ]
  },
  {
   "cell_type": "markdown",
   "id": "4369d405-3e62-4bad-83e4-e9fe52b0af3a",
   "metadata": {},
   "source": [
    "# Major voting method"
   ]
  },
  {
   "cell_type": "code",
   "execution_count": 9,
   "id": "b2eb7484-1ebf-4056-bec0-f1da1247e550",
   "metadata": {},
   "outputs": [
    {
     "data": {
      "text/html": [
       "<div>\n",
       "<style scoped>\n",
       "    .dataframe tbody tr th:only-of-type {\n",
       "        vertical-align: middle;\n",
       "    }\n",
       "\n",
       "    .dataframe tbody tr th {\n",
       "        vertical-align: top;\n",
       "    }\n",
       "\n",
       "    .dataframe thead th {\n",
       "        text-align: right;\n",
       "    }\n",
       "</style>\n",
       "<table border=\"1\" class=\"dataframe\">\n",
       "  <thead>\n",
       "    <tr style=\"text-align: right;\">\n",
       "      <th></th>\n",
       "      <th>GenA</th>\n",
       "      <th>GenB</th>\n",
       "      <th>Weight</th>\n",
       "    </tr>\n",
       "  </thead>\n",
       "  <tbody>\n",
       "    <tr>\n",
       "      <th>0</th>\n",
       "      <td>1</td>\n",
       "      <td>4</td>\n",
       "      <td>0.658239</td>\n",
       "    </tr>\n",
       "  </tbody>\n",
       "</table>\n",
       "</div>"
      ],
      "text/plain": [
       "   GenA  GenB    Weight\n",
       "0     1     4  0.658239"
      ]
     },
     "execution_count": 9,
     "metadata": {},
     "output_type": "execute_result"
    }
   ],
   "source": [
    "l = peg.engnet_1_0()\n",
    "newhead = [\"GenA\", \"GenB\", \"Weight\"]\n",
    "pd.DataFrame(l, columns=newhead)"
   ]
  }
 ],
 "metadata": {
  "kernelspec": {
   "display_name": "Python 3 (ipykernel)",
   "language": "python",
   "name": "python3"
  },
  "language_info": {
   "codemirror_mode": {
    "name": "ipython",
    "version": 3
   },
   "file_extension": ".py",
   "mimetype": "text/x-python",
   "name": "python",
   "nbconvert_exporter": "python",
   "pygments_lexer": "ipython3",
   "version": "3.8.10"
  }
 },
 "nbformat": 4,
 "nbformat_minor": 5
}
